*vertices 364
1 "Academic Medical Centers"
2 "Adaptation, Psychological"
3 "Administrative Personnel"
4 "Adolescent"
5 "Adult"
6 "Advertising as Topic"
7 "African Americans"
8 "Age Factors"
9 "Aged"
10 "Alaska"
11 "Alberta"
12 "Ambulatory Care"
13 "Ambulatory Care Facilities"
14 "American Medical Association"
15 "Analysis of Variance"
16 "Anatomy"
17 "Anesthesiology"
18 "Anxiety"
19 "Argentina"
20 "Arizona"
21 "Attitude"
22 "Attitude of Health Personnel"
23 "Attitude to Death"
24 "Attitude to Health"
25 "Australia"
26 "Austria"
27 "Awareness"
28 "Behavioral Sciences"
29 "Bioethics"
30 "Boston"
31 "Breast Neoplasms"
32 "Budgets"
33 "California"
34 "Canada"
35 "Cardiology"
36 "Cardiovascular Diseases"
37 "Career Choice"
38 "Career Mobility"
39 "Certification"
40 "Child"
41 "Child, Preschool"
42 "Chile"
43 "China"
44 "Choice Behavior"
45 "Chronic Disease"
46 "Clinical Clerkship"
47 "Clinical Competence"
48 "Clinical Laboratory Techniques"
49 "Cognition"
50 "College Admission Test"
51 "Communication"
52 "Community Health Centers"
53 "Community Health Services"
54 "Computer Simulation"
55 "Computer User Training"
56 "Computer-Assisted Instruction"
57 "Computers"
58 "Connecticut"
59 "Continuity of Patient Care"
60 "Cost-Benefit Analysis"
61 "Counseling"
62 "Critical Care"
63 "Culture"
64 "Curriculum"
65 "Data Collection"
66 "Decision Making"
67 "Delivery of Health Care"
68 "Demography"
69 "Denmark"
70 "Dermatology"
71 "Developing Countries"
72 "Diagnosis"
73 "Disabled Persons"
74 "Dissection"
75 "Drug Industry"
76 "Drug Prescriptions"
77 "Drug Utilization"
78 "Economics"
79 "Economics, Medical"
80 "Education, Continuing"
81 "Education, Dental"
82 "Education, Medical"
83 "Education, Medical, Continuing"
84 "Education, Medical, Graduate"
85 "Education, Medical, Undergraduate"
86 "Education, Nursing"
87 "Educational Measurement"
88 "Efficiency"
89 "Egypt"
90 "Electrocardiography"
91 "Emergencies"
92 "Emergency Medicine"
93 "Emergency Service, Hospital"
94 "Emigration and Immigration"
95 "Emotions"
96 "Employee Performance Appraisal"
97 "Employment"
98 "England"
99 "Environmental Health"
100 "Epidemiology"
101 "Ethics"
102 "Ethics, Medical"
103 "Ethnic Groups"
104 "Europe"
105 "European Continental Ancestry Group"
106 "Faculty"
107 "Faculty, Medical"
108 "Family"
109 "Family Practice"
110 "Feedback"
111 "Fellowships and Scholarships"
112 "Female"
113 "Finland"
114 "Florida"
115 "Follow-Up Studies"
116 "Forecasting"
117 "Foreign Medical Graduates"
118 "Foundations"
119 "France"
120 "Gastroenterology"
121 "Gender Identity"
122 "General Surgery"
123 "Geriatrics"
124 "Germany"
125 "Goals"
126 "Government"
127 "Government Agencies"
128 "Great Britain"
129 "Group Practice"
130 "Group Processes"
131 "Gynecology"
132 "Health Education"
133 "Health Maintenance Organizations"
134 "Health Manpower"
135 "Health Occupations"
136 "Health Planning"
137 "Health Policy"
138 "Health Priorities"
139 "Health Promotion"
140 "Health Resources"
141 "Health Services"
142 "Health Services Accessibility"
143 "Health Services Needs and Demand"
144 "Health Services Research"
145 "Health Status"
146 "History, 15th Century"
147 "History, 17th Century"
148 "History, 18th Century"
149 "History, 19th Century"
150 "History, 20th Century"
151 "History, Ancient"
152 "History, Medieval"
153 "Holistic Health"
154 "Home Care Services"
155 "Hospital Information Systems"
156 "Hospitalization"
157 "Hospitals"
158 "Hospitals, General"
159 "Hospitals, Public"
160 "Hospitals, Teaching"
161 "Hospitals, University"
162 "Hospitals, Veterans"
163 "Humanism"
164 "Humanities"
165 "Income"
166 "India"
167 "Infant"
168 "Infant, Newborn"
169 "Informed Consent"
170 "Inservice Training"
171 "Interdisciplinary Communication"
172 "Internal Medicine"
173 "International Cooperation"
174 "International Educational Exchange"
175 "Internship and Residency"
176 "Interpersonal Relations"
177 "Interprofessional Relations"
178 "Ireland"
179 "Israel"
180 "Italy"
181 "Japan"
182 "Language"
183 "Leadership"
184 "Learning"
185 "Legislation, Medical"
186 "Length of Stay"
187 "Libraries, Medical"
188 "London"
189 "Louisiana"
190 "Malaysia"
191 "Male"
192 "Mammography"
193 "Massachusetts"
194 "Medical History Taking"
195 "Medical Informatics"
196 "Medical Oncology"
197 "Medical Records"
198 "Medical Staff, Hospital"
199 "Medically Underserved Area"
200 "Medicare"
201 "Medicine"
202 "Medicine in Literature"
203 "Mental Disorders"
204 "Mentors"
205 "Middle Aged"
206 "Military Medicine"
207 "Minnesota"
208 "Minority Groups"
209 "Models, Anatomic"
210 "Models, Psychological"
211 "Morals"
212 "Morbidity"
213 "Motivation"
214 "Myocardial Infarction"
215 "National Health Programs"
216 "National Institutes of Health (U.S.)"
217 "Neoplasms"
218 "Nephrology"
219 "Netherlands"
220 "Neurology"
221 "New Hampshire"
222 "New Jersey"
223 "New Mexico"
224 "New York"
225 "New York City"
226 "New Zealand"
227 "Nigeria"
228 "North America"
229 "North Carolina"
230 "Norway"
231 "Nutritional Sciences"
232 "Obstetrics"
233 "Occupational Medicine"
234 "Ohio"
235 "Oklahoma"
236 "Online Systems"
237 "Ontario"
238 "Ophthalmology"
239 "Oregon"
240 "Organizational Affiliation"
241 "Orthopedics"
242 "Osteopathic Medicine"
243 "Outcome and Process Assessment (Health Care)"
244 "Palliative Care"
245 "Palpation"
246 "Patient Admission"
247 "Patient Advocacy"
248 "Patient Care Team"
249 "Patient Education as Topic"
250 "Pediatrics"
251 "Peer Review"
252 "Pennsylvania"
253 "Perception"
254 "Periodicals as Topic"
255 "Personal Satisfaction"
256 "Personality Inventory"
257 "Personnel Selection"
258 "Philosophy"
259 "Philosophy, Medical"
260 "Physical Examination"
261 "Physical and Rehabilitation Medicine"
262 "Physician Executives"
263 "Physician's Practice Patterns"
264 "Physicians"
265 "Physicians, Family"
266 "Pilot Projects"
267 "Planning Techniques"
268 "Poland"
269 "Poverty"
270 "Practice Management, Medical"
271 "Preceptorship"
272 "Pregnancy"
273 "Prejudice"
274 "Preventive Medicine"
275 "Primary Health Care"
276 "Private Practice"
277 "Probability"
278 "Professional Practice Location"
279 "Professional Staff Committees"
280 "Prospective Payment System"
281 "Psychology"
282 "Psychosomatic Medicine"
283 "Psychotherapy"
284 "Public Health"
285 "Public Opinion"
286 "Public Policy"
287 "Quality Control"
288 "Quality of Health Care"
289 "Quebec"
290 "Questionnaires"
291 "Radiology"
292 "Random Allocation"
293 "Reading"
294 "Referral and Consultation"
295 "Regression Analysis"
296 "Research"
297 "Research Design"
298 "Research Support as Topic"
299 "Residence Characteristics"
300 "Resource Allocation"
301 "Resuscitation"
302 "Rheumatology"
303 "Risk"
304 "Risk Assessment"
305 "Risk Management"
306 "Role Playing"
307 "Rural Health"
308 "Rural Population"
309 "Salaries and Fringe Benefits"
310 "Sampling Studies"
311 "Saudi Arabia"
312 "School Admission Criteria"
313 "Schools, Medical"
314 "Scotland"
315 "Self Concept"
316 "Self-Assessment"
317 "Self-Evaluation Programs"
318 "Sex Factors"
319 "Singapore"
320 "Smoking"
321 "Social Change"
322 "Social Class"
323 "Social Responsibility"
324 "Social Sciences"
325 "Social Values"
326 "Socialization"
327 "Societies, Medical"
328 "Socioeconomic Factors"
329 "Sociology, Medical"
330 "Software"
331 "South Africa"
332 "Spain"
333 "Specialization"
334 "Specialty Boards"
335 "Staff Development"
336 "State Medicine"
337 "Students, Medical"
338 "Substance-Related Disorders"
339 "Sweden"
340 "Switzerland"
341 "Task Performance and Analysis"
342 "Teaching"
343 "Teaching Materials"
344 "Telephone"
345 "Television"
346 "Terminal Care"
347 "Terminology as Topic"
348 "Texas"
349 "Textbooks as Topic"
350 "Thailand"
351 "Therapeutics"
352 "Thinking"
353 "United States"
354 "Universities"
355 "Utah"
356 "Video Recording"
357 "Videotape Recording"
358 "Virginia"
359 "Wales"
360 "Washington"
361 "Wisconsin"
362 "Work"
363 "World Health Organization"
364 "Writing"
*edges 
1 266 4.225634920634921
2 161 4.10187969924812
2 244 4.016666666666667
3 52 4.014285714285714
4 111 4.125165855816011
5 84 4.294279017287584
5 191 4.327795426094866
5 290 4.102157005083334
5 313 4.344648015783298
5 337 4.000214770986599
6 10 4.25
6 96 4.428571428571429
6 127 4.5
6 146 4.5
6 212 4.428571428571429
6 214 4.333333333333333
6 218 4.6
6 355 4.5
7 157 4.027777777777778
7 188 4.066666666666666
8 49 4.107315389924086
8 115 4.84827264239029
8 182 4.562437562437563
8 187 4.065434565434566
8 207 4.153679653679654
8 252 4.477022977022977
8 257 4.171957671957672
8 259 4.547152847152847
8 260 4.1466666666666665
9 34 4.106709518551623
9 250 4.004258194505873
10 6 4.25
10 78 4.333333333333333
10 214 4.75
11 136 4.581818181818182
11 142 4.159090909090909
11 186 4.2272727272727275
11 215 4.066666666666666
11 225 4.1
11 229 4.016666666666667
11 259 4.128947368421052
11 287 4.188090418353576
11 364 4.268487394957983
12 134 4.261904761904762
12 208 4.258852258852259
12 314 4.066391941391942
13 58 4.05
13 62 4.032051282051282
13 272 4.254273504273504
13 277 4.2272727272727275
13 306 4.082051282051282
13 332 4.333333333333334
13 347 4.196428571428571
13 352 4.260606060606061
14 52 4.016666666666667
14 57 4.058333333333334
14 114 4.125
14 227 4.291666666666667
14 317 4.148809523809524
15 17 4.1494008714596955
15 24 4.02046783625731
15 220 4.133040935672515
15 241 4.500903342366757
15 248 4.201436130007559
15 354 4.219608481858936
16 173 4.240391541231877
16 176 4.503642191142191
16 291 4.33677146024707
17 15 4.1494008714596955
17 173 4.033621140763998
17 241 4.111967178175618
18 239 4.166666666666666
18 329 4.083333333333333
18 361 4.25
19 20 4.171428571428572
19 29 4.275
19 58 4.114285714285714
19 68 4.311688311688312
19 73 4.136363636363637
19 90 4.214285714285714
19 91 4.1
19 145 4.123809523809523
19 151 4.4
19 268 4.2
19 303 4.285714285714286
19 305 4.714285714285714
19 320 4.555555555555555
20 19 4.171428571428572
20 89 4.416666666666666
20 91 4.071428571428571
20 127 4.083333333333334
20 145 4.333333333333333
20 146 4.083333333333334
20 154 4.166666666666666
20 293 4.166666666666666
20 303 4.1
20 305 4.4
20 355 4.083333333333334
21 117 4.294131652661065
22 87 4.688371589668439
22 107 4.38771550510681
22 109 4.3375210188732725
22 313 4.535832378527088
22 337 4.022909449719117
23 61 4.166666666666666
23 76 4.483333333333333
23 169 4.0874125874125875
23 180 4.014844804318488
23 182 4.1875
23 228 4.159090909090909
23 272 4.079487179487179
24 15 4.02046783625731
25 149 4.240796285324526
25 198 4.1519481425929134
25 201 4.0856921829757145
25 312 4.364004245108896
25 327 4.156301465972453
26 166 4.112745098039215
27 73 4.236111111111111
27 74 4.2444444444444445
28 281 4.054545454545455
29 19 4.275
29 38 4.1269841269841265
29 58 4.589285714285714
29 108 4.15
29 151 4.875
29 268 4.675
29 302 4.022222222222222
29 305 4.025
30 43 4.086538461538462
30 188 4.476190476190476
30 217 4.123809523809524
30 252 4.633333333333333
30 357 4.04047619047619
31 108 4.333333333333334
31 152 4.166666666666667
31 211 4.035714285714286
31 268 4.690476190476191
31 321 4.083333333333333
32 136 4.666666666666667
32 165 4.2
32 270 4.266666666666667
32 280 4.166666666666666
32 361 4.03030303030303
33 134 4.017836257309941
33 194 4.0587719298245615
33 237 4.246969696969696
33 343 4.417420814479638
34 9 4.106709518551623
34 198 4.146483509654141
34 201 4.013636179892546
34 250 4.379212402664415
34 296 4.30111696479621
35 63 4.008110516934046
35 163 4.042232277526395
35 220 4.227225672877847
35 252 4.002317290552585
35 259 4.437161084529506
35 278 4.1461538461538465
36 88 4.25
36 210 4.151515151515151
36 247 4.111111111111111
36 300 4.222222222222222
36 301 4.055555555555555
37 128 4.166779816765416
37 150 4.005082629120133
37 172 4.31028236331356
38 29 4.1269841269841265
38 58 4.277777777777778
38 151 4.055555555555555
38 272 4.0285714285714285
38 306 4.049450549450549
38 352 4.051515151515152
39 288 4.066244239631336
39 312 4.119766238143387
40 111 4.4343891402714934
40 219 4.006756474519633
40 248 4.205324675324675
41 70 4.282051282051282
41 94 4.425
41 169 4.484126984126984
42 170 4.042424242424243
43 30 4.086538461538462
43 164 4.053571428571429
43 226 4.220550038197097
43 257 4.37010582010582
43 260 4.560347985347986
44 310 4.066666666666666
45 203 4.0773809523809526
46 92 4.01813215930863
46 250 4.207935677359652
47 112 4.451247270006261
47 191 4.376011400077656
47 337 4.019649677008823
48 121 4.0476190476190474
49 8 4.107315389924086
49 115 4.250639386189258
49 161 4.0247493734335835
49 168 4.045893719806763
49 238 4.051207729468599
49 316 4.019732205778718
50 243 4.175
51 122 4.398956206371715
51 250 4.054839327323117
52 3 4.014285714285714
52 14 4.016666666666667
52 57 4.1571428571428575
52 79 4.333333333333334
52 132 4.1
52 157 4.0476190476190474
53 237 4.176296296296297
53 271 4.397635392829901
54 183 4.239410915881504
54 263 4.174917611124508
55 189 4.6
56 128 4.357337621727866
57 14 4.058333333333334
57 52 4.1571428571428575
57 147 4.433333333333334
57 283 4.0329004329004325
57 331 4.341666666666667
57 348 4.214285714285714
58 13 4.05
58 19 4.114285714285714
58 29 4.589285714285714
58 38 4.277777777777778
58 108 4.142857142857142
58 151 4.714285714285714
58 268 4.571428571428571
58 320 4.177777777777777
59 180 4.152097902097902
59 315 4.523809523809524
59 364 4.0227272727272725
60 63 4.054120148856991
60 115 4.163636363636363
60 294 4.014035087719298
61 23 4.166666666666666
61 93 4.144230769230769
61 162 4.127272727272727
61 179 4.159090909090909
61 193 4.236363636363636
61 225 4.05
61 229 4.1
61 319 4.295454545454546
61 364 4.347058823529412
62 13 4.032051282051282
62 272 4.083333333333333
62 315 4.090909090909091
62 347 4.2023809523809526
62 352 4.078787878787878
63 35 4.008110516934046
63 60 4.054120148856991
63 76 4.00909090909091
63 168 4.052380952380952
63 259 4.198564593301436
63 294 4.075757575757576
63 298 4.114285714285714
64 82 4.527421821144778
64 85 4.606465704740983
64 175 4.275041774225124
64 353 4.694693581879609
65 205 4.005673915986658
66 110 4.235600490196079
66 213 4.161137466720717
66 318 4.448764816661127
67 312 4.295791245791246
68 19 4.311688311688312
68 74 4.159090909090909
68 277 4.25
68 305 4.287878787878788
68 320 4.675324675324675
69 178 4.260489510489511
69 206 4.454545454545455
69 306 4.137820512820513
69 332 4.116161616161616
69 352 4.333333333333333
70 41 4.282051282051282
70 77 4.010989010989011
70 94 4.144230769230769
71 131 4.143506493506493
71 161 4.216666666666667
71 176 4.121176121176122
72 317 4.011363636363637
73 19 4.136363636363637
73 27 4.236111111111111
73 74 4.2272727272727275
73 90 4.454545454545454
73 91 4.236363636363636
73 121 4.090909090909091
73 299 4.6
74 27 4.2444444444444445
74 68 4.159090909090909
74 73 4.2272727272727275
74 90 4.125
74 91 4.175
74 299 4.027272727272727
74 320 4.275
75 171 4.296323529411764
75 236 4.006578947368421
75 304 4.016203703703704
76 23 4.483333333333333
76 63 4.00909090909091
76 180 4.058704453441296
76 182 4.1875
76 228 4.166666666666667
76 272 4.016666666666667
76 348 4.016666666666667
77 70 4.010989010989011
77 153 4.25
77 300 4.166666666666666
78 10 4.333333333333333
78 118 4.083333333333334
78 214 4.083333333333333
79 52 4.333333333333334
79 157 4.380952380952381
79 187 4.119047619047619
80 89 4.266666666666667
80 105 4.4
80 113 4.05
80 153 4.214285714285714
80 154 4.066666666666666
80 216 4.4
80 246 4.3
80 303 4.666666666666666
80 305 4.066666666666666
81 197 4.425
81 281 4.216666666666667
82 64 4.527421821144778
83 84 4.433327964164532
83 85 4.007752639448089
83 313 4.00418574306953
83 342 4.692131706365215
83 353 4.372762226540558
84 5 4.294279017287584
84 83 4.433327964164532
84 112 4.384835142255769
84 175 4.065413371866068
84 191 4.624713094027329
84 313 4.225894135975491
84 337 4.518738700844442
84 342 5.361022038642881
84 353 4.206668162198521
85 64 4.606465704740983
85 83 4.007752639448089
85 175 5.311716420005873
85 353 5.122809270020613
86 306 4.013574660633484
86 352 4.045989304812834
87 22 4.688371589668439
87 107 4.339271677297511
87 313 4.610308555720841
87 337 5.109526336191009
87 342 4.0664548779743654
88 36 4.25
89 20 4.416666666666666
89 80 4.266666666666667
89 105 4.333333333333333
89 145 4.5
89 216 4.333333333333333
89 282 4.166666666666666
89 293 4.25
90 19 4.214285714285714
90 73 4.454545454545454
90 74 4.125
90 91 4.314285714285714
90 121 4.2
90 218 4.2
90 299 4.054545454545455
90 305 4.5
91 19 4.1
91 20 4.071428571428571
91 73 4.236363636363636
91 74 4.175
91 90 4.314285714285714
91 96 4.333333333333334
91 140 4.357142857142857
91 145 4.190476190476191
91 212 4.333333333333334
91 218 4.0476190476190474
91 245 4.285714285714286
91 256 4.285714285714286
91 299 4.636363636363637
92 46 4.01813215930863
93 61 4.144230769230769
93 142 4.317016317016318
93 174 4.304273504273504
93 225 4.115384615384615
93 229 4.211538461538462
93 249 4.019230769230769
93 278 4.129110105580694
93 356 4.214366515837105
94 41 4.425
94 70 4.144230769230769
94 167 4.313257575757576
94 169 4.129166666666666
95 203 4.322222222222222
96 6 4.428571428571429
96 91 4.333333333333334
96 212 5.0
96 218 4.714285714285714
97 142 4.25
97 332 4.118181818181818
98 343 4.135498909692458
99 105 4.166666666666666
99 138 4.166666666666666
99 154 4.5
99 159 4.166666666666666
99 216 4.166666666666666
99 221 4.666666666666666
99 349 4.166666666666667
100 189 4.083333333333333
101 133 4.1
102 116 4.020815169917294
102 150 4.82841914913867
102 160 4.450699047947625
102 198 5.221955912799904
102 201 4.609114212130291
102 250 4.6548222159677275
102 296 4.639287973253818
102 327 4.244304525329193
102 333 4.1682624441262925
103 134 4.0661764705882355
103 163 4.22929292929293
103 164 4.121116138763198
103 224 4.167424242424243
104 199 4.033095936321743
105 80 4.4
105 89 4.333333333333333
105 99 4.166666666666666
105 129 4.25
105 154 4.666666666666666
105 155 4.5
105 216 5.0
105 221 4.5
105 282 4.166666666666667
105 300 4.166666666666666
105 303 4.066666666666666
105 345 4.333333333333333
106 238 4.167366946778712
106 254 4.069629629629629
107 22 4.38771550510681
107 87 4.339271677297511
107 184 4.197719224056293
108 29 4.15
108 31 4.333333333333334
108 58 4.142857142857142
108 145 4.266666666666667
108 151 4.257142857142857
108 268 4.357142857142857
108 282 4.333333333333334
109 22 4.3375210188732725
110 66 4.235600490196079
110 123 4.239583333333334
111 4 4.125165855816011
111 40 4.4343891402714934
112 47 4.451247270006261
112 84 4.384835142255769
112 191 5.495329184910803
112 313 4.1296280309163915
112 337 4.02238017295091
113 80 4.05
113 136 4.333333333333333
113 153 4.321428571428571
113 185 4.166666666666667
113 240 4.466666666666667
113 246 4.75
113 322 4.266666666666667
114 14 4.125
114 132 4.383333333333334
114 228 4.3999999999999995
114 261 4.25
114 286 4.216666666666667
115 8 4.84827264239029
115 49 4.250639386189258
115 60 4.163636363636363
115 134 4.021241830065359
115 182 4.1213903743315505
115 252 4.044860368389781
115 259 4.507427213309566
115 287 4.528740970072239
116 102 4.020815169917294
116 265 4.048532409373061
116 296 4.184198303561911
117 21 4.294131652661065
117 237 4.123655259205131
118 78 4.083333333333334
118 235 4.166666666666666
119 278 4.041176470588235
119 339 4.09047619047619
120 261 4.033333333333333
120 338 4.073717948717949
121 48 4.0476190476190474
121 73 4.090909090909091
121 90 4.2
121 245 4.1
121 256 4.1
122 51 4.398956206371715
122 124 4.049538606100641
123 110 4.239583333333334
124 122 4.049538606100641
125 194 4.013422061809159
125 343 4.176801219021333
126 141 4.166666666666667
126 154 4.25
126 202 4.083333333333334
126 276 4.133333333333334
126 285 4.15
126 300 4.5
126 345 4.416666666666666
127 6 4.5
127 20 4.083333333333334
127 129 4.166666666666667
127 146 5.0
127 154 4.166666666666667
127 218 4.1
127 355 5.0
128 37 4.166779816765416
128 56 4.357337621727866
128 150 4.645590733191539
128 172 4.242227564102564
128 184 4.6752734554530075
128 250 4.051054221316319
128 264 4.4086512571287315
128 296 4.005137436488243
128 333 4.218258156139254
129 105 4.25
129 127 4.166666666666667
129 146 4.166666666666667
129 216 4.25
129 355 4.166666666666667
130 316 4.194352159468439
131 71 4.143506493506493
131 232 4.357024557024557
132 52 4.1
132 114 4.383333333333334
132 270 4.166666666666666
132 286 4.083333333333334
133 101 4.1
134 12 4.261904761904762
134 33 4.017836257309941
134 103 4.0661764705882355
134 115 4.021241830065359
134 187 4.053030303030304
134 194 4.087143884667105
134 208 4.02591575091575
134 224 4.250267379679145
134 237 4.125925925925927
134 251 4.648106060606061
134 314 4.558653846153846
134 343 4.123495132318662
135 268 4.275
136 11 4.581818181818182
136 32 4.666666666666667
136 113 4.333333333333333
136 246 4.083333333333333
136 270 4.066666666666666
136 329 4.3
136 363 4.466666666666667
136 364 4.1890756302521
137 164 4.224542124542125
137 259 4.142857142857143
137 323 4.112121212121212
138 99 4.166666666666666
138 192 4.666666666666667
139 195 4.035087719298245
140 91 4.357142857142857
140 299 4.045454545454545
141 126 4.166666666666667
141 202 4.083333333333333
141 276 4.55
141 285 4.216666666666667
141 345 4.166666666666667
141 350 4.216666666666667
142 11 4.159090909090909
142 93 4.317016317016318
142 97 4.25
142 174 4.174592074592075
142 225 4.128787878787879
142 278 4.102036199095023
142 298 4.028138528138528
143 232 4.128717948717949
143 241 4.201219512195122
143 354 4.152873563218391
144 253 4.45
144 262 4.0256410256410255
144 278 4.047008547008547
145 19 4.123809523809523
145 20 4.333333333333333
145 89 4.5
145 91 4.190476190476191
145 108 4.266666666666667
145 151 4.057142857142857
145 268 4.207142857142857
145 293 4.166666666666667
145 305 4.1
145 324 4.057142857142857
146 6 4.5
146 20 4.083333333333334
146 127 5.0
146 129 4.166666666666667
146 154 4.166666666666667
146 218 4.1
146 355 5.0
147 57 4.433333333333334
147 188 4.0476190476190474
147 231 4.057142857142857
148 194 4.190058479532164
148 200 4.023431278866061
149 25 4.240796285324526
149 201 4.013801898894539
149 312 4.081867095063239
149 327 4.233177660002449
150 37 4.005082629120133
150 102 4.82841914913867
150 128 4.645590733191539
150 160 4.61312927448249
150 172 4.027486989997244
150 198 4.701486310713492
150 201 4.340848292638498
150 250 4.734335839598997
150 275 4.054868183116017
150 296 4.320519653564291
150 333 4.713415718055593
151 19 4.4
151 29 4.875
151 38 4.055555555555555
151 58 4.714285714285714
151 108 4.257142857142857
151 145 4.057142857142857
151 268 4.8
151 305 4.114285714285714
152 31 4.166666666666667
152 158 4.25
152 233 4.107142857142858
152 280 4.416666666666666
152 351 4.166666666666666
153 77 4.25
153 80 4.214285714285714
153 113 4.321428571428571
153 246 4.571428571428571
154 20 4.166666666666666
154 80 4.066666666666666
154 99 4.5
154 105 4.666666666666666
154 126 4.25
154 127 4.166666666666667
154 146 4.166666666666667
154 155 4.166666666666666
154 216 4.666666666666666
154 221 4.166666666666666
154 245 4.166666666666666
154 256 4.166666666666666
154 300 4.5
154 303 4.4
154 355 4.166666666666667
155 105 4.5
155 154 4.166666666666666
155 216 4.5
156 245 4.5
156 246 4.083333333333334
156 256 4.5
156 300 4.166666666666666
156 362 4.166666666666666
157 7 4.027777777777778
157 52 4.0476190476190474
157 79 4.380952380952381
157 187 4.428571428571429
158 152 4.25
158 351 4.5
159 99 4.166666666666666
159 300 4.166666666666666
159 329 4.266666666666667
159 344 4.25
160 102 4.450699047947625
160 150 4.61312927448249
160 198 4.627896613190731
160 201 4.83155519260996
160 250 4.253929386746725
160 275 4.074767241753518
160 288 4.173279447620218
160 296 4.267619220261294
160 333 5.2232693185801375
161 2 4.10187969924812
161 49 4.0247493734335835
161 71 4.216666666666667
161 260 4.035187969924812
162 61 4.127272727272727
162 165 4.041666666666666
162 186 4.166666666666667
162 193 4.675
162 229 4.027272727272727
162 326 4.025
162 364 4.127731092436974
163 35 4.042232277526395
163 103 4.22929292929293
163 220 4.171524128045868
164 43 4.053571428571429
164 103 4.121116138763198
164 137 4.224542124542125
164 257 4.0962962962962965
164 259 4.014285714285714
164 260 4.042490842490842
165 32 4.2
165 162 4.041666666666666
165 270 4.4
165 326 4.266666666666667
166 26 4.112745098039215
167 94 4.313257575757576
167 169 4.284848484848485
168 49 4.045893719806763
168 63 4.052380952380952
168 188 4.014285714285714
168 217 4.0476190476190474
169 23 4.0874125874125875
169 41 4.484126984126984
169 94 4.129166666666666
169 167 4.284848484848485
170 42 4.042424242424243
170 295 4.2232142857142865
170 308 4.2894736842105265
171 75 4.296323529411764
172 37 4.31028236331356
172 128 4.242227564102564
172 150 4.027486989997244
173 16 4.240391541231877
173 17 4.033621140763998
173 291 4.026779942746329
174 93 4.304273504273504
174 142 4.174592074592075
174 356 4.242483660130719
175 64 4.275041774225124
175 84 4.065413371866068
175 85 5.311716420005873
175 337 4.135510151221088
175 353 4.581857338957553
176 16 4.503642191142191
176 71 4.121176121176122
176 232 4.202564102564103
176 248 4.17817896389325
176 291 4.459581881533102
176 354 4.079279279279279
177 266 4.178186181634458
178 69 4.260489510489511
178 206 4.291608391608391
178 304 4.12962962962963
178 352 4.061771561771562
179 61 4.159090909090909
179 217 4.175757575757576
179 252 4.1614718614718615
179 289 4.1647727272727275
179 319 4.136363636363637
179 346 4.381868131868131
179 348 4.111471861471862
179 357 4.133333333333334
180 23 4.014844804318488
180 59 4.152097902097902
180 76 4.058704453441296
180 236 4.06015037593985
180 255 4.335125448028674
181 284 4.11070460704607
182 8 4.562437562437563
182 23 4.1875
182 76 4.1875
182 115 4.1213903743315505
182 252 4.708333333333334
182 259 4.342105263157895
182 289 4.279166666666667
182 328 4.2592592592592595
182 340 4.722222222222222
182 364 4.48562091503268
183 54 4.239410915881504
184 107 4.197719224056293
184 128 4.6752734554530075
184 264 4.64996264388955
185 113 4.166666666666667
185 246 4.333333333333333
185 300 4.166666666666667
186 11 4.2272727272727275
186 162 4.166666666666667
186 364 4.318207282913165
187 8 4.065434565434566
187 79 4.119047619047619
187 134 4.053030303030304
187 157 4.428571428571429
187 251 4.787518037518037
187 252 4.242857142857143
188 7 4.066666666666666
188 30 4.476190476190476
188 147 4.0476190476190474
188 168 4.014285714285714
188 217 4.183333333333334
188 252 4.442857142857143
189 55 4.6
189 100 4.083333333333333
189 267 4.1
190 193 4.030075187969925
190 319 4.043233082706767
191 5 4.327795426094866
191 47 4.376011400077656
191 84 4.624713094027329
191 112 5.495329184910803
191 313 4.224441689272333
191 337 4.2090567583500444
191 342 4.1502609361060845
192 138 4.666666666666667
193 61 4.236363636363636
193 162 4.675
193 190 4.030075187969925
193 227 4.063492063492063
193 229 4.136363636363637
193 319 4.295454545454545
193 326 4.314285714285714
193 364 4.26890756302521
194 33 4.0587719298245615
194 125 4.013422061809159
194 134 4.087143884667105
194 148 4.190058479532164
194 343 4.039856711915535
195 139 4.035087719298245
195 230 4.135725677830941
196 295 4.131944444444445
196 325 4.472979797979798
196 336 4.041666666666667
197 81 4.425
198 25 4.1519481425929134
198 34 4.146483509654141
198 102 5.221955912799904
198 150 4.701486310713492
198 160 4.627896613190731
198 201 5.0630137343192985
198 250 4.3977131661207585
198 288 4.240090056839152
198 296 4.452767643642822
198 327 4.118325929914301
198 333 4.132032238759567
199 104 4.033095936321743
200 148 4.023431278866061
201 25 4.0856921829757145
201 34 4.013636179892546
201 102 4.609114212130291
201 149 4.013801898894539
201 150 4.340848292638498
201 160 4.83155519260996
201 198 5.0630137343192985
201 250 4.39783725601163
201 265 4.086299601577922
201 288 4.912795303042982
201 296 4.1728430278379
201 333 4.367477355750434
202 126 4.083333333333334
202 141 4.083333333333333
202 240 4.333333333333334
202 285 4.833333333333334
202 322 4.233333333333333
202 345 4.5
203 45 4.0773809523809526
203 95 4.322222222222222
203 348 4.061904761904762
204 335 4.187356760886173
205 65 4.005673915986658
206 69 4.454545454545455
206 178 4.291608391608391
206 262 4.318376068376068
206 332 4.027272727272727
207 8 4.153679653679654
207 217 4.18939883645766
207 238 4.325105042016807
207 346 4.064705882352941
207 348 4.249903038138332
207 357 4.40917905623788
208 12 4.258852258852259
208 134 4.02591575091575
208 314 4.138888888888889
209 249 4.651515151515151
209 304 4.033333333333333
209 306 4.019230769230769
210 36 4.151515151515151
210 247 4.636363636363637
211 31 4.035714285714286
212 6 4.428571428571429
212 91 4.333333333333334
212 96 5.0
212 218 4.714285714285714
213 66 4.161137466720717
213 318 4.259810113258389
214 6 4.333333333333333
214 10 4.75
214 78 4.083333333333333
215 11 4.066666666666666
215 302 4.2
215 309 4.066666666666666
216 80 4.4
216 89 4.333333333333333
216 99 4.166666666666666
216 105 5.0
216 129 4.25
216 154 4.666666666666666
216 155 4.5
216 221 4.5
216 282 4.166666666666667
216 300 4.166666666666666
216 303 4.066666666666666
216 345 4.333333333333333
217 30 4.123809523809524
217 168 4.0476190476190474
217 179 4.175757575757576
217 188 4.183333333333334
217 207 4.18939883645766
217 238 4.175
217 252 4.440476190476191
217 298 4.0400432900432905
217 346 4.237362637362637
217 348 4.4904761904761905
217 357 4.742424242424242
218 6 4.6
218 90 4.2
218 91 4.0476190476190474
218 96 4.714285714285714
218 127 4.1
218 146 4.1
218 212 4.714285714285714
218 355 4.1
219 40 4.006756474519633
220 15 4.133040935672515
220 35 4.227225672877847
220 163 4.171524128045868
220 241 4.096689895470384
220 287 4.2861721611721615
221 99 4.666666666666666
221 105 4.5
221 154 4.166666666666666
221 216 4.5
221 293 4.166666666666666
222 239 4.75
222 258 4.55
223 243 4.26984126984127
224 103 4.167424242424243
224 134 4.250267379679145
224 314 4.002073906485671
224 325 4.303921568627452
225 11 4.1
225 61 4.05
225 93 4.115384615384615
225 142 4.128787878787879
225 229 4.5
225 249 4.05
225 340 4.020833333333333
225 356 4.143090569561158
226 43 4.220550038197097
226 257 4.131588999236058
226 260 4.0687165775401075
227 14 4.291666666666667
227 193 4.063492063492063
227 317 4.190476190476191
228 23 4.159090909090909
228 76 4.166666666666667
228 114 4.3999999999999995
228 261 4.1000000000000005
228 286 4.066666666666666
229 11 4.016666666666667
229 61 4.1
229 93 4.211538461538462
229 162 4.027272727272727
229 193 4.136363636363637
229 225 4.5
229 249 4.1
229 326 4.287878787878788
229 356 4.170868347338936
229 364 4.004201680672269
230 195 4.135725677830941
231 147 4.057142857142857
232 131 4.357024557024557
232 143 4.128717948717949
232 176 4.202564102564103
232 291 4.269105691056911
233 152 4.107142857142858
233 361 4.001082251082251
234 307 4.089177489177489
235 118 4.166666666666666
235 279 4.5
236 75 4.006578947368421
236 180 4.06015037593985
236 272 4.565934065934066
236 277 4.119047619047619
236 306 4.5285714285714285
236 347 4.357142857142857
236 352 4.335714285714285
237 33 4.246969696969696
237 53 4.176296296296297
237 117 4.123655259205131
237 134 4.125925925925927
237 271 4.197200070884281
237 284 4.369918699186991
237 343 5.32983682983683
237 354 4.515161466885605
238 49 4.051207729468599
238 106 4.167366946778712
238 207 4.325105042016807
238 217 4.175
238 289 4.3
238 346 4.4875
238 357 4.104166666666666
239 18 4.166666666666666
239 222 4.75
239 258 4.35
239 280 4.166666666666666
239 329 4.066666666666666
240 113 4.466666666666667
240 202 4.333333333333334
240 246 4.266666666666667
240 285 4.5
240 322 4.8
240 345 4.1
241 15 4.500903342366757
241 17 4.111967178175618
241 143 4.201219512195122
241 220 4.096689895470384
241 253 4.042276422764227
242 330 4.140764170040486
243 50 4.175
243 223 4.26984126984127
244 2 4.016666666666667
245 91 4.285714285714286
245 121 4.1
245 154 4.166666666666666
245 156 4.5
245 256 5.0
245 299 4.181818181818182
245 303 4.1
246 80 4.3
246 113 4.75
246 136 4.083333333333333
246 153 4.571428571428571
246 156 4.083333333333334
246 185 4.333333333333333
246 240 4.266666666666667
246 300 4.166666666666666
246 322 4.066666666666666
246 345 4.166666666666666
247 36 4.111111111111111
247 210 4.636363636363637
247 301 4.041666666666666
247 324 4.266666666666667
248 15 4.201436130007559
248 40 4.205324675324675
248 176 4.17817896389325
248 291 4.208163265306123
249 93 4.019230769230769
249 209 4.651515151515151
249 225 4.05
249 229 4.1
249 306 4.019230769230769
250 9 4.004258194505873
250 34 4.379212402664415
250 46 4.207935677359652
250 51 4.054839327323117
250 102 4.6548222159677275
250 128 4.051054221316319
250 150 4.734335839598997
250 160 4.253929386746725
250 198 4.3977131661207585
250 201 4.39783725601163
250 296 4.001484102412895
251 134 4.648106060606061
251 187 4.787518037518037
251 252 4.36940836940837
251 289 4.3069444444444445
252 8 4.477022977022977
252 30 4.633333333333333
252 35 4.002317290552585
252 115 4.044860368389781
252 179 4.1614718614718615
252 182 4.708333333333334
252 187 4.242857142857143
252 188 4.442857142857143
252 217 4.440476190476191
252 251 4.36940836940837
252 259 5.336842105263157
252 289 4.413095238095238
252 348 4.25
252 357 4.182900432900433
252 364 4.423529411764705
253 144 4.45
253 241 4.042276422764227
253 255 4.075
254 106 4.069629629629629
254 257 4.1033333333333335
255 180 4.335125448028674
255 253 4.075
255 297 4.052923976608187
256 91 4.285714285714286
256 121 4.1
256 154 4.166666666666666
256 156 4.5
256 245 5.0
256 299 4.181818181818182
256 303 4.1
257 8 4.171957671957672
257 43 4.37010582010582
257 164 4.0962962962962965
257 226 4.131588999236058
257 254 4.1033333333333335
257 259 4.006267806267806
257 260 4.449735449735449
258 222 4.55
258 239 4.35
259 8 4.547152847152847
259 11 4.128947368421052
259 35 4.437161084529506
259 63 4.198564593301436
259 115 4.507427213309566
259 137 4.142857142857143
259 164 4.014285714285714
259 182 4.342105263157895
259 252 5.336842105263157
259 257 4.006267806267806
259 287 4.48721322537112
259 364 4.294736842105262
260 8 4.1466666666666665
260 43 4.560347985347986
260 161 4.035187969924812
260 164 4.042490842490842
260 226 4.0687165775401075
260 257 4.449735449735449
261 114 4.25
261 120 4.033333333333333
261 228 4.1000000000000005
261 286 4.666666666666666
262 144 4.0256410256410255
262 206 4.318376068376068
263 54 4.174917611124508
264 128 4.4086512571287315
264 184 4.64996264388955
264 333 4.086834997801645
265 116 4.048532409373061
265 201 4.086299601577922
265 296 4.1614156106164755
266 1 4.225634920634921
266 177 4.178186181634458
267 189 4.1
267 359 4.2
267 363 4.333333333333334
268 19 4.2
268 29 4.675
268 31 4.690476190476191
268 58 4.571428571428571
268 108 4.357142857142857
268 135 4.275
268 145 4.207142857142857
268 151 4.8
268 302 4.111111111111112
269 270 4.05
269 293 4.75
270 32 4.266666666666667
270 132 4.166666666666666
270 136 4.066666666666666
270 165 4.4
270 269 4.05
270 280 4.1
270 351 4.05
271 53 4.397635392829901
271 237 4.197200070884281
271 314 4.1492481203007525
271 343 4.007790455158876
272 13 4.254273504273504
272 23 4.079487179487179
272 38 4.0285714285714285
272 62 4.083333333333333
272 76 4.016666666666667
272 236 4.565934065934066
272 277 4.1002331002331
272 306 4.2153846153846155
272 347 4.7063492063492065
272 352 4.4348484848484855
273 278 4.0453431372549025
274 336 4.166161616161617
275 150 4.054868183116017
275 160 4.074767241753518
275 333 4.024444926998975
276 126 4.133333333333334
276 141 4.55
276 324 4.095238095238095
276 345 4.266666666666667
277 13 4.2272727272727275
277 68 4.25
277 236 4.119047619047619
277 272 4.1002331002331
277 320 4.193181818181818
277 352 4.033333333333333
278 35 4.1461538461538465
278 93 4.129110105580694
278 119 4.041176470588235
278 142 4.102036199095023
278 144 4.047008547008547
278 273 4.0453431372549025
278 287 4.49780701754386
278 356 4.138461538461538
279 235 4.5
279 292 4.023809523809524
280 32 4.166666666666666
280 152 4.416666666666666
280 239 4.166666666666666
280 270 4.1
280 351 4.25
281 28 4.054545454545455
281 81 4.216666666666667
282 89 4.166666666666666
282 105 4.166666666666667
282 108 4.333333333333334
282 216 4.166666666666667
283 57 4.0329004329004325
283 331 4.459090909090909
283 360 4.246153846153846
284 181 4.11070460704607
284 237 4.369918699186991
284 343 4.222944738188641
284 354 4.575835683306123
285 126 4.15
285 141 4.216666666666667
285 202 4.833333333333334
285 240 4.5
285 300 4.066666666666666
285 322 4.4
285 345 4.6
286 114 4.216666666666667
286 132 4.083333333333334
286 228 4.066666666666666
286 261 4.666666666666666
286 344 4.05
287 11 4.188090418353576
287 115 4.528740970072239
287 220 4.2861721611721615
287 259 4.48721322537112
287 278 4.49780701754386
287 364 4.307523616734143
288 39 4.066244239631336
288 160 4.173279447620218
288 198 4.240090056839152
288 201 4.912795303042982
289 179 4.1647727272727275
289 182 4.279166666666667
289 238 4.3
289 251 4.3069444444444445
289 252 4.413095238095238
289 346 4.490384615384615
290 5 4.102157005083334
291 16 4.33677146024707
291 173 4.026779942746329
291 176 4.459581881533102
291 232 4.269105691056911
291 248 4.208163265306123
292 279 4.023809523809524
293 20 4.166666666666666
293 89 4.25
293 145 4.166666666666667
293 221 4.166666666666666
293 269 4.75
294 60 4.014035087719298
294 63 4.075757575757576
295 170 4.2232142857142865
295 196 4.131944444444445
296 34 4.30111696479621
296 102 4.639287973253818
296 116 4.184198303561911
296 128 4.005137436488243
296 150 4.320519653564291
296 160 4.267619220261294
296 198 4.452767643642822
296 201 4.1728430278379
296 250 4.001484102412895
296 265 4.1614156106164755
296 327 4.2956548473047755
297 255 4.052923976608187
298 63 4.114285714285714
298 142 4.028138528138528
298 217 4.0400432900432905
298 357 4.273809523809524
299 73 4.6
299 74 4.027272727272727
299 90 4.054545454545455
299 91 4.636363636363637
299 140 4.045454545454545
299 245 4.181818181818182
299 256 4.181818181818182
300 36 4.222222222222222
300 77 4.166666666666666
300 105 4.166666666666666
300 126 4.5
300 154 4.5
300 156 4.166666666666666
300 159 4.166666666666666
300 185 4.166666666666667
300 216 4.166666666666666
300 246 4.166666666666666
300 285 4.066666666666666
300 345 4.333333333333333
301 36 4.055555555555555
301 247 4.041666666666666
302 29 4.022222222222222
302 215 4.2
302 268 4.111111111111112
303 19 4.285714285714286
303 20 4.1
303 80 4.666666666666666
303 105 4.066666666666666
303 154 4.4
303 216 4.066666666666666
303 245 4.1
303 256 4.1
303 305 4.4
304 75 4.016203703703704
304 178 4.12962962962963
304 209 4.033333333333333
305 19 4.714285714285714
305 20 4.4
305 29 4.025
305 68 4.287878787878788
305 80 4.066666666666666
305 90 4.5
305 145 4.1
305 151 4.114285714285714
305 303 4.4
305 320 4.26984126984127
306 13 4.082051282051282
306 38 4.049450549450549
306 69 4.137820512820513
306 86 4.013574660633484
306 209 4.019230769230769
306 236 4.5285714285714285
306 249 4.019230769230769
306 272 4.2153846153846155
306 352 4.446153846153846
307 234 4.089177489177489
308 170 4.2894736842105265
308 340 4.0125598086124405
309 215 4.066666666666666
310 44 4.066666666666666
311 364 4.132832080200501
312 25 4.364004245108896
312 39 4.119766238143387
312 67 4.295791245791246
312 149 4.081867095063239
312 327 4.1764167814018265
313 5 4.344648015783298
313 22 4.535832378527088
313 83 4.00418574306953
313 84 4.225894135975491
313 87 4.610308555720841
313 112 4.1296280309163915
313 191 4.224441689272333
313 337 4.26926901335672
313 342 4.806852764106808
314 12 4.066391941391942
314 134 4.558653846153846
314 208 4.138888888888889
314 224 4.002073906485671
314 271 4.1492481203007525
315 59 4.523809523809524
315 62 4.090909090909091
315 364 4.12987012987013
316 49 4.019732205778718
316 130 4.194352159468439
317 14 4.148809523809524
317 72 4.011363636363637
317 227 4.190476190476191
318 66 4.448764816661127
318 213 4.259810113258389
319 61 4.295454545454546
319 179 4.136363636363637
319 190 4.043233082706767
319 193 4.295454545454545
319 326 4.059740259740259
320 19 4.555555555555555
